841
2557
4424
1865
2116
1058
4788
3320
4519
2021
2887
2443
3688
548
1821
4884
4319
1852
1821
829
1121
1331
2215
4521
4731
639
1166
3873
4280
1531
1489
2195
4040
4812
1775
3294
1744
2772
3654
3507
4796
4808
153
4212
416
1178
4570
2391
1807
1026
38
4271
733
1969
4930
3920
1807
2196
3793
72
1777
1927
2063
1861
3761
1440
620
144
2929
3491
2465
1063
2313
3003
2797
4281
176
4912
4662
4837
1457
3451
251
2350
1157
4481
3381
3214
1833
1269
4568
3964
4496
3851
2289
1780
1775
151
666
3936
1934
2431
84
2760
1568
135
1606
4265
1756
1282
3917
250
2150
60
816
4780
4762
3082
1829
1273
3438
3024
2931
537
1517
2518
2313
619
4240
4125
3476
4632
4281
4955
246
4557
2858
4865
1496
1059
1054
285
1495
1263
1733
2636
2042
4370
1526
465
2398
3677
163
1834
681
820
2725
1483
4117
139
514
779
1604
698
2915
4117
2740
2675
3788
1856
3975
397
4156
3388
129
2858
4339
2325
3836
1605
793
3514
1072
2579
2968
2906
296
3009
1450
1799
4999
4494
2772
624
679
1613
2964
1497
795
2191
4009
1866
228
2176
3977
611
3457
4683
1896
2147
837
4659
3309
2880
423
3082
1958
1251
3782
1757
2464
4972
3056
198
4810
2618
2973
2696
4706
2145
3617
734
4533
3003
4166
1773
2348
456
3950
2739
4648
2632
2299
322
483
2647
2005
650
4542
3170
783
3177
4527
2250
4578
803
4183
3032
941
790
1373
763
1059
532
834
3586
4509
2472
1188
3296
625
1150
1210
3537
3083
3304
1542
3326
1289
902
2076
2734
4940
165
2028
1291
3811
4027
4582
1296
3166
2584
4610
4519
1830
3460
633
1221
4377
2213
3445
657
3020
2728
4590
861
3511
2063
2497
2744
2006
4827
3460
4179
2961
3474
4387
3993
862
3787
1102
135
610
199
3648
3046
3634
3766
4123
3889
2855
2281
4112
3551
2361
4769
680
4055
1937
2938
3374
2941
2546
3283
1100
4913
509
706
3366
1934
370
1161
2978
4487
2714
155
3478
3406
2708
4902
4313
1715
3982
2910
1610
3590
3819
3536
690
2998
4067
732
2203
965
3201
378
1527
3347
2999
1390
3174
3920
4696
161
316
2606
4206
1761
2225
701
3890
3018
3979
1878
3970
1970
1749
2122
860
1172
2969
3784
3406
446
3235
2415
3095
4985
2809
2747
3112
540
4354
3449
1374
1450
1491
1776
3789
3675
4629
2719
2227
1666
518
103
1180
1743
1167
3239
4161
2220
4510
4339
1330
137
3147
700
2412
2594
2732
3521
4648
4953
880
2237
4618
16
2214
4007
2198
1368
626
4841
4146
999
3807
2133
198
358
3962
3605
1052
647
1380
3851
3428
1070
4567
821
2306
58
2043
1433
3870
250
4982
2072
1856
2152
1271
1662
3777
3827
3909
4599
3263
3085
2587
2313
3554
439
4563
4589
2631
584
4243
2810
3241
1050
785
2242
3310
4036
1483
3817
1750
4425
3817
2324
1837
2720
1394
2111
2930
1249
4743
3097
4439
3029
2012
4024
3598
642
1669
2011
1626
4005
3607
3510
4803
3184
3076
429
4472
4835
1315
4892
1409
4232
2263
3772
4989
318
3074
3830
3427
2990
2467
4029
975
3919
2601
3652
1026
1605
342
3316
832
1978
929
2163
2379
4098
1601
2445
3962
4262
2794
2622
3865
3456
755
941
1616
2224
4293
406
2237
986
3937
266
721
1763
85
995
1307
2110
2906
847
4331
3415
1059
4122
4280
4000
1948
2232
1312
2555
3476
723
226
2969
3862
4744
188
1550
4281
168
1807
1869
3047
2865
3479
979
1273
1759
2457
1530
4697
4195
2213
1734
1751
4548
505
4576
23
4023
2368
4965
3285
215
1062
4386
869
2131
546
1881
495
4441
1037
3413
10
3520
792
2340
1392
3680
1927
4657
2604
992
2066
3289
2413
2424
702
1630
1439
1071
3376
1553
2668
4067
3461
857
1610
1647
67
1196
4109
2637
152
2159
445
4423
727
2913
2421
4719
5
4301
4145
1966
1803
2524
3368
3261
3150
4040
922
4119
1563
2148
1418
4465
2374
2630
4305
777
3754
1723
241
1224
4538
2245
3325
2240
1706
4986
2585
869
2553
1147
16
975
3895
4144
3828
3706
2925
2298
1825
4705
4990
3795
2699
1315
1131
595
2127
787
306
3924
3779
841
3562
3603
115
442
3819
2482
2512
4874
2297
2981
3952
435
4797
3720
1863
2352
4402
4176
3167
1822
3119
3965
3336
3474
592
1100
3620
2733
4411
2200
2079
4902
4822
4295
1611
3219
1258
304
2919
166
239
2954
2537
4145
3689
3173
1744
929
1440
2754
4129
2153
1782
2443
292
145
2770
3219
3399
99
2225
3424
54
868
1441
3586
1087
1588
1374
2527
2747
3481
2835
1709
4002
1667
4765
3716
154
4116
3634
620
2795
4528
623
2799
490
2875
4622
1724
620
100
4238
3914
2095
1198
2105
2058
74
2190
4680
3003
3213
445
4542
9
449
1449
144
3421
2717
915
889
1041
4922
1340
181
387
1197
1417
2721
1841
2777
78
1264
2529
3776
4820
1094
2732
4762
1868
3533
722
4651
39
1777
1969
4753
3967
2816
181
3360
2398
4081
2071
4263
1841
866
1073
1358
763
2117
2453
59
2481
4052
4262
3653
2765
272
28
4397
4388
2489
2757
4330
1696
2117
2402
4299
3435
1480
4106
2641
1364
463
856
4752
4639
181
1947
1549
982
789
76
2751
3551
4254
832
4109
2123
3597
4778
2981
738
3419
2818
161
2647
4689
1451
3336
4617
4430
3570
4709
1685
4575
3212
4009
2325
3209
247
981
3710
1490
3481
4110
1095
2938
4027
2103
317
3716
4221
1681
55
2719
4738
2025
2111
1259
1119
3924
3385
2962
1291
170
3010
4254
2134
760
4586
4267
771
2534
3755
2100
1361
4817
2999
1336
2462
4493
2134
3393
1490
1809
1106
2627
395
4022
1707
3487
3057
1160
3010
801
63
2099
4052
1452
3453
4503
3536
145
1125
808
2724
3516
1601
3948
2109
2851
1545
156
4436
2085
555
310
4564
1526
4775
1795
3263
4947
2867
3743
4866
4846
2200
560
4420
3600
1381
2469
4180
750
3187
832
4456
1854
1635
693
1681
3298
2663
2629
9
3388
3863
2160
3619
3519
2144
4191
1221
1975
2122
4901
2204
3698
2865
4985
1834
2780
4715
3019
1804
2127
1615
34
4058
1463
1104
749
510
1208
2732
3542
3442
1232
3550
333
2813
4311
51
943
4729
2513
1834
1032
999
905
4225
3983
2551
533
2595
1446
1187
4281
2920
2869
247
3094
4429
4855
2030
3328
4922
3854
3785
3319
2411
4146
1989
3223
2022
517
4738
4793
1303
2592
4439
4151
2568
4687
3573
968
3821
4085
1826
889
540
3368
3416
660
1936
1144
194
2775
4517
4197
4689
812
1471
1789
4211
4784
2719
180
948
1410
1226
4704
786
4982
2395
139
332
34
1811
833
2461
1586
3915
583
458
2482
3548
1859
3671
4215
4809
1830
1283
3631
3829
4685
1798
4893
4355
498
140
156
977
3372
4026
1999
378
3735
2051
4872
4751
3067
3248
2376
915
118
1803
1949
4748
337
3294
4292
3413
1176
2605
1238
346
4353
18
2158
337
4740
4074
1859
654
495
2226
1588
3950
4703
2836
1725
795
241
2062
4911
4964
2394
187
2745
1318
45
3151
3369
4629
4106
3940
2992
2251
336
2455
2135
2168
2707
843
3371
919
1881
1002
1963
1586
2889
257
3503
2639
1428
4435
131
2100
3122
4237
1454
36
685
1769
3805
4186
4621
2997
360
386
2296
3680
1924
3628
3840
3598
2000
2576
1075
2014
770
2104
4415
490
1704
657
2959
2424
4944
4680
2150
1618
2344
1630
3226
583
1276
3311
4205
552
4541
1957
1169
1613
3945
4925
3311
1728
3692
1366
2687
4432
1431
4247
4674
1741
3651
3395
878
3799
2743
3756
1330
1515
2748
1430
97
246
389
172
4104
4061
134
4253
1749
362
2039
3084
2774
3733
3460
1050
4362
1140
1041
1569
4957
3902
1841
483
4484
400
4209
4348
1334
2303
3098
838
2089
4483
2308
518
1598
2718
2864
4918
2012
3704
3291
3598
2986
2514
4768
1986
852
2047
3229
4180
3071
968
3563
3854
1773
1546
1820
3608
2603
370
1157
757
1781
3214
539
4427
2650
2902
2876
3787
2689
709
2128
3697
57
2844
1244
4343
3011
3499
2033
740
2481
3419
4433
2992
3557
3556
896
673
3466
131
3608
1036
886
722
1452
3994
4440
214
3330
1994
804
1973
4294
898
4683
1274
2307
3854
4045
1520
1336
2102
283
535
4205
1880
4956
4031
4649
4853
2879
954
4278
4373
1697
3898
3498
1578
1651
2807
4077
3459
75
2979
3817
1337
2045
646
711
340
3701
441
1596
2705
3908
876
3820
1703
3139
4453
4915
1186
2749
415
2665
1721
3098
1746
310
2846
2379
4715
1372
4270
1332
4991
4575
4834
898
4265
705
2152
453
2695
3062
3003
4308
2758
4244
4652
815
28
1301
1210
2076
4587
4093
672
4866
4694
2008
1607
2199
743
2753
654
4011
3033
918
4851
2678
1417
4400
4073
334
3165
3638
3409
4187
1299
1095
693
1013
4735
1611
1999
4511
277
2008
1734
1821
1661
1356
1201
4526
965
2373
1838
1710
352
1595
2219
413
2865
3412
139
1138
350
4005
592
1215
1796
2301
675
1157
3333
4375
1049
4787
2610
3775
3930
2054
672
2412
1948
912
487
38
4847
2930
285
4679
1515
3491
3350
4296
1777
488
4027
4149
2425
3570
3890
2946
1436
2428
3650
3495
2418
1517
3877
74
3886
3108
1932
2949
811
642
4232
3549
2153
1317
1143
3991
2740
4088
2028
264
291
4332
4639
4229
3135
420
1585
1036
2488
39
1954
3858
3904
1466
3618
2949
2468
960
1855
2296
3784
3475
2187
1121
3312
3436
1296
1004
4921
1551
1965
4185
4179
2218
3780
4961
2563
2964
3263
1829
3004
3295
359
2376
2332
2276
4000
3006
1557
721
4948
4957
2072
93
4749
1477
3500
4612
3893
3163
2771
3675
1513
1822
1818
1762
1490
1045
846
3444
1400
1199
212
1936
1721
1887
146
2306
4819
3118
4067
105
2325
822
980
4933
4554
4893
4218
2622
1132
1318
2366
356
188
637
2334
175
617
941
4826
3011
3732
5000
677
2240
4419
891
4684
934
2218
2518
173
2189
1306
2447
560
1695
459
3533
2647
1267
2121
2445
1854
1684
4540
1387
2123
3495
1393
3138
2129
1544
517
4839
1557
3684
3643
3394
2838
4904
178
2307
4698
4481
2574
341
4602
1476
2451
4295
2464
3910
559
81
3420
2831
4438
2952
4964
4611
3686
4337
3775
2686
322
1316
2192
4995
2246
1413
1354
3402
474
4392
24
2945
4563
131
2688
1457
1242
3630
1176
1001
3593
2269
4335
296
4511
4321
1125
389
754
3320
2612
335
682
4976
2088
416
2248
3897
3554
4654
4531
4247
1239
2689
4807
2263
2934
2356
1597
3244
489
1240
4338
2873
4702
4030
4460
3803
3230
2166
2199
4867
3777
1846
1484
2796
3378
1474
2845
2323
2805
3733
2165
1872
11
76
3234
2724
4078
3687
1757
2616
1106
4791
3396
1695
1382
3476
1774
3365
266
3067
1788
1102
2938
1936
1173
1465
2545
176
2721
1560
2933
3708
1820
623
741
4590
1074
3612
4416
3472
2415
3821
4908
670
2668
1185
4380
560
2011
3548
1841
4675
1076
1468
899
3683
252
2356
3816
2792
605
318
4337
559
49
852
1594
1885
3454
1887
4317
2375
1608
1931
3788
3559
1559
3630
2330
54
1510
4036
1629
1195
2586
947
1478
330
4655
1284
911
4020
1161
4824
225
3014
3228
4496
1094
1332
904
2830
529
3733
3809
700
431
830
1294
0
596
4090
3470
486
2089
496
4381
2513
1533